                                                                                                                                                                                                                                                                                                                                                                                                                                                                                                                                     outputAf
age5                                           15.000000000, 19.240000000, 9.614728767, -1.367405549, 0.144812552, 0.085749112, 20.000000000, 16.000000000, 7.868852459, 1.425949976, 0.966225680, 0.923058609, 3.000000000, 5.975609756, 1.524733446, -2.409788960, 0.062116526, 0.007980875, 15.000000000, 19.240000000, 9.614728767, -1.367405549, 0.144812552, 0.085749112, 14.000000000, 16.369230769, 7.986745562, -0.838344346, 0.311033423, 0.200918668, 8.000000000, 6.755555556, 1.808463968, 0.925381010, 1.000000000, 0.822616123
age15                                                                             13.00000000, 19.24000000, 9.61472877, -2.01240817, 0.04274804, 0.02208846, 12.00000000, 16.00000000, 7.86885246, -1.42594998, 0.13864306, 0.07694139, 5.00000000, 5.97560976, 1.52473345, -0.79009474, 0.44830384, 0.21473622, 14.00000000, 19.25333333, 9.62842496, -1.69300146, 0.08200362, 0.04522759, 18.00000000, 16.36923077, 7.98674556, 0.57704221, 0.82744782, 0.71804453, 6.00000000, 6.75555556, 1.80846397, -0.56183847, 0.51895516, 0.28711304
age34                                                                             18.00000000, 19.20000000, 9.57369863, -0.38782997, 0.47383131, 0.34907093, 13.00000000, 16.11111111, 7.98218984, -1.10117032, 0.22408709, 0.13541127, 4.00000000, 5.26829268, 1.15315975, -1.18106758, 0.33796461, 0.11878794, 15.00000000, 19.24000000, 9.61472877, -1.36740555, 0.14481255, 0.08574911, 15.00000000, 16.50769231, 8.12686391, -0.52887279, 0.42776310, 0.29844685, 8.00000000, 6.75555556, 1.80846397, 0.92538101, 1.00000000, 0.82261612
fiq                                                                              13.00000000, 19.24000000, 9.61472877, -2.01240817, 0.04274804, 0.02208846, 12.00000000, 16.00000000, 7.86885246, -1.42594998, 0.13864306, 0.07694139, 5.00000000, 5.97560976, 1.52473345, -0.79009474, 0.44830384, 0.21473622, 14.00000000, 19.25333333, 9.62842496, -1.69300146, 0.08200362, 0.04522759, 14.00000000, 16.36923077, 7.98674556, -0.83834435, 0.31103342, 0.20091867, 4.00000000, 6.75555556, 1.80846397, -2.04905795, 0.09804093, 0.02022822
fach                                                                              14.00000000, 19.20000000, 9.57369863, -1.68059655, 0.08412555, 0.04642065, 14.00000000, 16.00000000, 7.86885246, -0.71297499, 0.35835627, 0.23793062, 5.00000000, 5.97560976, 1.52473345, -0.79009474, 0.44830384, 0.21473622, 15.00000000, 19.24000000, 9.61472877, -1.36740555, 0.14481255, 0.08574911, 16.00000000, 16.36923077, 7.98674556, -0.13065107, 0.58826641, 0.44802567, 8.00000000, 6.75555556, 1.80846397, 0.92538101, 1.00000000, 0.82261612
fse                                                                                                                   17.0000000, 19.2400000, 9.6147288, -0.7224029, 0.3429378, 0.2350234, 15.0000000, 16.1111111, 7.9821898, -0.3932751, 0.4836742, 0.3470581, 4.0000000, 5.2682927, 1.1531597, -1.1810676, 0.3379646, 0.1187879, 16.0000000, 19.2533333, 9.6284250, -1.0484578, 0.2311748, 0.1472139, 18.0000000, 16.3692308, 7.9867456, 0.5770422, 0.8274478, 0.7180445, 6.0000000, 6.7555556, 1.8084640, -0.5618385, 0.5189552, 0.2871130
fmlabor                                                                                                                18.0000000, 19.2000000, 9.5736986, -0.3878300, 0.4738313, 0.3490709, 13.0000000, 16.1111111, 7.9821898, -1.1011703, 0.2240871, 0.1354113, 4.0000000, 5.2682927, 1.1531597, -1.1810676, 0.3379646, 0.1187879, 24.0000000, 19.2533333, 9.6284250, 1.5297171, 0.9704342, 0.9369566, 20.0000000, 16.3692308, 7.9867456, 1.2847355, 0.9533328, 0.9005576, 6.0000000, 6.7555556, 1.8084640, -0.5618385, 0.5189552, 0.2871130
fedu     13.0000000000, 19.2400000000, 9.6147287671, -2.0124081665, 0.0427480446, 0.0220884642, 12.0000000000, 16.0000000000, 7.8688524590, -1.4259499757, 0.1386430639, 0.0769413911, 5.0000000000, 5.9756097561, 1.5247334462, -0.7900947411, 0.4483038385, 0.2147362204, 16.0000000000, 19.2533333333, 9.6284249619, -1.0484577587, 0.2311748280, 0.1472138772, 11.0000000000, 16.5076923077, 8.1268639053, -1.9320046907, 0.0537330659, 0.0266794635, 2.0000000000, 6.7555555556, 1.8084639678, -3.5362774322, 0.0051921986, 0.0002029041
femp                                                                                16.00000000, 19.20000000, 9.57369863, -1.03421326, 0.23584306, 0.15051824, 19.00000000, 16.11111111, 7.98218984, 1.02251529, 0.91966795, 0.84673146, 7.00000000, 5.97560976, 1.52473345, 0.82959948, 1.00000000, 0.79661736, 13.00000000, 19.24000000, 9.61472877, -2.01240817, 0.04274804, 0.02208846, 15.00000000, 16.50769231, 8.12686391, -0.52887279, 0.42776310, 0.29844685, 8.00000000, 6.75555556, 1.80846397, 0.92538101, 1.00000000, 0.82261612
fcrime                                                                                                                    23.0000000, 19.2400000, 9.6147288, 1.2126049, 0.9406742, 0.8873595, 20.0000000, 16.0000000, 7.8688525, 1.4259500, 0.9662257, 0.9230586, 4.0000000, 5.2682927, 1.1531597, -1.1810676, 0.3379646, 0.1187879, 23.0000000, 19.2400000, 9.6147288, 1.2126049, 0.9406742, 0.8873595, 17.0000000, 16.5076923, 8.1268639, 0.1726932, 0.7015629, 0.5685537, 8.0000000, 6.7555556, 1.8084640, 0.9253810, 1.0000000, 0.8226161
frisk      19.0000000000, 19.2400000000, 9.6147287671, -0.0774003141, 0.5978357181, 0.4691525455, 20.0000000000, 16.0000000000, 7.8688524590, 1.4259499757, 0.9662256801, 0.9230586089, 5.0000000000, 5.9756097561, 1.5247334462, -0.7900947411, 0.4483038385, 0.2147362204, 9.0000000000, 19.2400000000, 9.6147287671, -3.3024134015, 0.0010389909, 0.0004792834, 11.0000000000, 16.5076923077, 8.1268639053, -1.9320046907, 0.0537330659, 0.0266794635, 6.0000000000, 6.7555555556, 1.8084639678, -0.5618384705, 0.5189551609, 0.2871130392
fmhealth                                                                                                              17.0000000, 19.2400000, 9.6147288, -0.7224029, 0.3429378, 0.2350234, 15.0000000, 16.1111111, 7.9821898, -0.3932751, 0.4836742, 0.3470581, 7.0000000, 5.9756098, 1.5247334, 0.8295995, 1.0000000, 0.7966174, 17.0000000, 19.2400000, 9.6147288, -0.7224029, 0.3429378, 0.2350234, 15.0000000, 16.5076923, 8.1268639, -0.5288728, 0.4277631, 0.2984468, 6.0000000, 6.7555556, 1.8084640, -0.5618385, 0.5189552, 0.2871130
fhealth                                       10.000000000, 19.200000000, 9.573698630, -2.973363126, 0.003227224, 0.001472779, 12.000000000, 16.000000000, 7.868852459, -1.425949976, 0.138643064, 0.076941391, 7.000000000, 5.975609756, 1.524733446, 0.829599478, 1.000000000, 0.796617364, 13.000000000, 19.240000000, 9.614728767, -2.012408167, 0.042748045, 0.022088464, 11.000000000, 16.507692308, 8.126863905, -1.932004691, 0.053733066, 0.026679463, 4.000000000, 6.755555556, 1.808463968, -2.049057951, 0.098040927, 0.020228224
                                                                                                                                                 outputBf
age5                  8.0000000, 6.4000000, 2.0945455, 1.1055416, 1.0000000, 0.8655375, 5.0000000, 5.8000000, 1.6872727, -0.6158818, 0.5120235, 0.2689863
age15                 6.0000000, 6.4000000, 2.0945455, -0.2763854, 0.6298109, 0.3911260, 7.0000000, 5.8000000, 1.6872727, 0.9238226, 1.0000000, 0.8222107
age34                  8.0000000, 6.4000000, 2.0945455, 1.1055416, 1.0000000, 0.8655375, 7.0000000, 5.8000000, 1.6872727, 0.9238226, 1.0000000, 0.8222107
fiq                    8.0000000, 6.4000000, 2.0945455, 1.1055416, 1.0000000, 0.8655375, 7.0000000, 5.8000000, 1.6872727, 0.9238226, 1.0000000, 0.8222107
fach                 6.0000000, 6.4000000, 2.0945455, -0.2763854, 0.6298109, 0.3911260, 5.0000000, 5.8000000, 1.6872727, -0.6158818, 0.5120235, 0.2689863
fse       8.00000000, 6.40000000, 2.09454545, 1.10554160, 1.00000000, 0.86553751, 3.00000000, 5.80000000, 1.68727273, -2.15558617, 0.08504399, 0.01555800
fmlabor  4.00000000, 6.40000000, 2.09454545, -1.65831240, 0.15866114, 0.04862721, 3.00000000, 5.80000000, 1.68727273, -2.15558617, 0.08504399, 0.01555800
fedu      4.00000000, 6.40000000, 2.09454545, -1.65831240, 0.15866114, 0.04862721, 7.00000000, 5.80000000, 1.68727273, 0.92382264, 1.00000000, 0.82221067
femp                 6.0000000, 6.4000000, 2.0945455, -0.2763854, 0.6298109, 0.3911260, 5.0000000, 5.8000000, 1.6872727, -0.6158818, 0.5120235, 0.2689863
fcrime                6.0000000, 6.4000000, 2.0945455, -0.2763854, 0.6298109, 0.3911260, 7.0000000, 5.8000000, 1.6872727, 0.9238226, 1.0000000, 0.8222107
frisk                 8.0000000, 6.4000000, 2.0945455, 1.1055416, 1.0000000, 0.8655375, 5.0000000, 5.8000000, 1.6872727, -0.6158818, 0.5120235, 0.2689863
fmhealth             6.0000000, 6.4000000, 2.0945455, -0.2763854, 0.6298109, 0.3911260, 5.0000000, 5.8000000, 1.6872727, -0.6158818, 0.5120235, 0.2689863
fhealth               8.0000000, 6.4000000, 2.0945455, 1.1055416, 1.0000000, 0.8655375, 5.0000000, 5.8000000, 1.6872727, -0.6158818, 0.5120235, 0.2689863
                                                                                                                                                                                                                                                                                                                                                             outputCf
age5                                                       26.00000000, 22.74157303, 11.36638094, 0.96648894, 0.89949931, 0.83310021, 36.00000000, 33.25190840, 16.62693804, 0.67394595, 0.82277343, 0.74982716, 13.00000000, 19.75324675, 9.87833361, -2.14867521, 0.03114981, 0.01583008, 16.00000000, 18.73972603, 9.36443959, -0.89529517, 0.28252537, 0.18531466
age15                            18.000000000, 22.741573034, 11.366380943, -1.406408041, 0.130787247, 0.079801497, 21.000000000, 33.244274809, 16.619186555, -3.003503807, 0.002524271, 0.001334451, 17.000000000, 19.753246753, 9.878333614, -0.875998356, 0.286330567, 0.190515464, 14.000000000, 18.739726027, 9.364439593, -1.548860636, 0.107466703, 0.060707613
age34                                                                               24.0000000, 22.7415730, 11.3663809, 0.3732647, 0.7506729, 0.6455243, 35.0000000, 33.2442748, 16.6191866, 0.4306770, 0.7519451, 0.6666484, 19.0000000, 19.7532468, 9.8783336, -0.2396599, 0.5316285, 0.4052970, 22.0000000, 18.7397260, 9.3644396, 1.0654012, 0.9213704, 0.8566528
fiq                                                        24.00000000, 22.74157303, 11.36638094, 0.37326469, 0.75067293, 0.64552427, 30.00000000, 33.25190840, 16.62693804, -0.79750270, 0.28912138, 0.21257957, 13.00000000, 19.75324675, 9.87833361, -2.14867521, 0.03114981, 0.01583008, 22.00000000, 18.73972603, 9.36443959, 1.06540125, 0.92137036, 0.85665280
fach                                                     22.00000000, 22.74157303, 11.36638094, -0.21995955, 0.53081579, 0.41295133, 33.00000000, 33.24427481, 16.61918655, -0.05992028, 0.57398894, 0.47610957, 15.00000000, 19.75324675, 9.87833361, -1.51233678, 0.11300024, 0.06522410, 14.00000000, 18.73972603, 9.36443959, -1.54886064, 0.10746670, 0.06070761
fse                                                                                  26.0000000, 22.7415730, 11.3663809, 0.9664889, 0.8994993, 0.8331002, 34.0000000, 33.2519084, 16.6269380, 0.1834631, 0.6669511, 0.5727827, 22.0000000, 19.7402597, 9.8650025, 0.7194654, 0.8534645, 0.7640729, 21.0000000, 18.7534247, 9.3785215, 0.7335907, 0.8587781, 0.7684009
fmlabor                                                                             24.0000000, 22.7415730, 11.3663809, 0.3732647, 0.7506729, 0.6455243, 34.0000000, 33.2519084, 16.6269380, 0.1834631, 0.6669511, 0.5727827, 24.0000000, 19.7402597, 9.8650025, 1.3562337, 0.9557474, 0.9124876, 16.0000000, 18.7397260, 9.3644396, -0.8952952, 0.2825254, 0.1853147
fedu                                                      26.00000000, 22.74157303, 11.36638094, 0.96648894, 0.89949931, 0.83310021, 27.00000000, 33.24427481, 16.61918655, -1.53171204, 0.09726597, 0.06279675, 19.00000000, 19.75324675, 9.87833361, -0.23965993, 0.53162846, 0.40529695, 14.00000000, 18.73972603, 9.36443959, -1.54886064, 0.10746670, 0.06070761
femp                             14.000000000, 22.741573034, 11.366380943, -2.592856530, 0.009598951, 0.004759123, 22.000000000, 33.251908397, 16.626938041, -2.759434239, 0.005364498, 0.002895077, 16.000000000, 19.740259740, 9.865002530, -1.190839309, 0.188554484, 0.116858337, 10.000000000, 18.739726027, 9.364439593, -2.855991578, 0.004686046, 0.002145133
fcrime             6.000000e+00, 2.274157e+01, 1.136638e+01, -4.965754e+00, 3.600889e-07, 3.421742e-07, 7.000000e+00, 3.324427e+01, 1.661919e+01, -6.437685e+00, 1.603600e-11, 6.065487e-11, 4.000000e+00, 1.974026e+01, 9.865003e+00, -5.011449e+00, 2.270059e-07, 2.701088e-07, 3.000000e+00, 1.875342e+01, 9.378521e+00, -5.144081e+00, 8.345798e-08, 1.344168e-07
frisk              1.400000e+01, 2.274157e+01, 1.136638e+01, -2.592857e+00, 9.598951e-03, 4.759123e-03, 1.800000e+01, 3.325191e+01, 1.662694e+01, -3.740400e+00, 1.739698e-04, 9.186381e-05, 1.300000e+01, 1.975325e+01, 9.878334e+00, -2.148675e+00, 3.114981e-02, 1.583008e-02, 9.000000e+00, 1.875342e+01, 9.378521e+00, -3.184857e+00, 1.585311e-03, 7.241276e-04
fmhealth                          18.000000000, 22.741573034, 11.366380943, -1.406408041, 0.130787247, 0.079801497, 23.000000000, 33.244274809, 16.619186555, -2.512906552, 0.010797976, 0.005987052, 21.000000000, 19.753246753, 9.878333614, 0.396678501, 0.765245500, 0.654197722, 16.000000000, 18.739726027, 9.364439593, -0.895295165, 0.282525370, 0.185314662
fhealth  12.0000000000, 22.7415730337, 11.3663809428, -3.1860807746, 0.0015091568, 0.0007210716, 20.0000000000, 33.2519083969, 16.6269380410, -3.2499171223, 0.0011041575, 0.0005771932, 12.0000000000, 19.7402597403, 9.8650025299, -2.4643757925, 0.0141985319, 0.0068626062, 11.0000000000, 18.7534246575, 9.3785214571, -2.5317824373, 0.0120150577, 0.0056742190
