            A.iq.GTvC A.iq.GTvCa A.iq.GTvCh   A.iq.BTvC A.iq.BTvCa A.iq.BTvCh   A.se.GTvC A.se.GTvCa A.se.GTvCh
a1                 17         14          6          19         19          4          19         14          6
Ea1             19.24         16   5.268293       19.24   16.50769   6.755556       19.24         16   5.268293
Va1          9.614729   7.868852    1.15316    9.614729   8.126864   1.808464    9.614729   7.868852    1.15316
dev        -0.7224029  -0.712975  0.6813851 -0.07740031  0.8742591  -2.049058 -0.07740031  -0.712975  0.6813851
pval        0.3429378  0.3583563          1   0.5978357  0.8937031 0.09804093   0.5978357  0.3583563          1
approxpval  0.2350234  0.2379306  0.7521861   0.4691525  0.8090114 0.02022822   0.4691525  0.2379306  0.7521861
           A.se.BTvC A.se.BTvCa A.se.BTvCh A.parent.GTvC A.parent.GTvCa A.parent.GTvCh A.parent.BTvC A.parent.BTvCa
a1                16         15          4            23             20              5            20             18
Ea1         19.25333   16.50769   6.755556         19.24             16        5.97561      19.25333       16.36923
Va1         9.628425   8.126864   1.808464      9.614729       7.868852       1.524733      9.628425       7.986746
dev        -1.048458 -0.5288728  -2.049058      1.212605        1.42595     -0.7900947     0.2406296      0.5770422
pval       0.2311748  0.4277631 0.09804093     0.9406742      0.9662257      0.4483038     0.7154809      0.8274478
approxpval 0.1472139  0.2984468 0.02022822     0.8873595      0.9230586      0.2147362     0.5950789      0.7180445
           A.parent.BTvCh A.sch.GTvC A.sch.GTvCa A.sch.GTvCh A.sch.BTvC A.sch.BTvCa A.sch.BTvCh A.mhealth.GTvC
a1                      8         18          13           3         23          20           8             21
Ea1              6.755556       19.2    16.11111     5.97561      19.24    16.36923    6.755556          19.24
Va1              1.808464   9.573699     7.98219    1.524733   9.614729    7.986746    1.808464       9.614729
dev              0.925381   -0.38783    -1.10117   -2.409789   1.212605    1.284735    0.925381      0.5676023
pval                    1  0.4738313   0.2240871  0.06211653  0.9406742   0.9533328           1      0.8163197
approxpval      0.8226161  0.3490709   0.1354113 0.007980875  0.8873595   0.9005576   0.8226161      0.7148475
           A.mhealth.GTvCa A.mhealth.GTvCh A.mhealth.BTvC A.mhealth.BTvCa A.mhealth.BTvCh B.iq.BCavCh B.iq.GCavCh
a1                      18               7             19              21               4           6           5
Ea1                     16         5.97561          19.24        16.50769        6.755556         6.4         5.8
Va1               7.868852        1.524733       9.614729        8.126864        1.808464    2.094545    1.687273
dev               0.712975       0.8295995    -0.07740031        1.575825       -2.049058  -0.2763854  -0.6158818
pval             0.8614708               1      0.5978357       0.9760489      0.09804093   0.6298109   0.5120235
approxpval       0.7620694       0.7966174      0.4691525       0.9424669      0.02022822    0.391126   0.2689863
           B.se.BCavCh B.se.GCavCh B.parent.BCavCh B.parent.GCavCh B.sch.BCavCh B.sch.GCavCh B.mhealth.BCavCh
a1                   5           5               8               5            8            7                4
Ea1                5.8         5.8             6.4             5.8          6.4          5.8              6.4
Va1           1.687273    1.687273        2.094545        1.687273     2.094545     1.687273         2.094545
dev         -0.6158818  -0.6158818        1.105542      -0.6158818     1.105542    0.9238226        -1.658312
pval         0.5120235   0.5120235               1       0.5120235            1            1        0.1586611
approxpval   0.2689863   0.2689863       0.8655375       0.2689863    0.8655375    0.8222107       0.04862721
           B.mhealth.GCavCh C.iq.ChBvG C.iq.CaBvG C.iq.CBvG C.iq.TBvG C.se.ChBvG C.se.CaBvG C.se.CBvG C.se.TBvG
a1                        7         22         38        21        21         24         31        23        15
Ea1                     5.8   22.74157   33.25191  19.75325  18.75342   22.74157   33.24427  19.75325  18.75342
Va1                1.687273   11.36638   16.62694  9.878334  9.378521   11.36638   16.61919  9.878334  9.378521
dev               0.9238226 -0.2199596   1.164429 0.3966785 0.7335907  0.3732647 -0.5505175  1.033017 -1.225633
pval                      1  0.5308158  0.9225174 0.7652455 0.8587781  0.7506729  0.3793494 0.9148343 0.1811756
approxpval        0.8222107  0.4129513  0.8778749 0.6541977 0.7684009  0.6455243  0.2909822  0.849202 0.1101684
           C.parent.ChBvG C.parent.CaBvG C.parent.CBvG C.parent.TBvG C.sch.ChBvG C.sch.CaBvG C.sch.CBvG C.sch.TBvG
a1                     28             28            15            21          16          32         15         21
Ea1              22.74157       33.25191      19.75325      18.75342    22.74157    33.25191   19.75325   18.75342
Va1              11.36638       16.62694      9.878334      9.378521    11.36638    16.62694   9.878334   9.378521
dev              1.559713      -1.287986     -1.512337     0.7335907   -1.999632  -0.3070198  -1.512337  0.7335907
pval             0.970369      0.1466781     0.1130002     0.8587781  0.04195813   0.4752166  0.1130002  0.8587781
approxpval      0.9405862     0.09887549     0.0652241     0.7684009  0.02276999   0.3794141  0.0652241  0.7684009
           C.mhealth.ChBvG C.mhealth.CaBvG C.mhealth.CBvG C.mhealth.TBvG
a1                      16              31             24             15
Ea1               22.74157        33.24427       19.74026       18.75342
Va1               11.36638        16.61919       9.865003       9.378521
dev              -1.999632      -0.5505175       1.356234      -1.225633
pval            0.04195813       0.3793494      0.9557474      0.1811756
approxpval      0.02276999       0.2909822      0.9124876      0.1101684
