               A.GTvC   A.GTvCa     A.GTvCh    A.BTvC    A.BTvCa   A.BTvCh   B.BCavCh  B.GCavCh   C.ChBvG
a1                 15        20           3        20         14         8          6         7        18
Ea1             19.24        16     5.97561  19.25333   16.36923  6.755556        6.4       5.8  22.74157
Va1          9.614729  7.868852    1.524733  9.628425   7.986746  1.808464   2.094545  1.687273  11.36638
dev         -1.367406   1.42595   -2.409789 0.2406296 -0.8383443  0.925381 -0.2763854 0.9238226 -1.406408
pval        0.1448126 0.9662257  0.06211653 0.7154809  0.3110334         1  0.6298109         1 0.1307872
approxpval 0.08574911 0.9230586 0.007980875 0.5950789  0.2009187 0.8226161   0.391126 0.8222107 0.0798015
              C.CaBvG     C.CBvG     C.TBvG
a1                 27         17         16
Ea1          33.24427   19.75325   18.73973
Va1          16.61919   9.878334    9.36444
dev         -1.531712 -0.8759984 -0.8952952
pval       0.09726597  0.2863306  0.2825254
approxpval 0.06279675  0.1905155  0.1853147
