            A.a5.GTvC A.a5.GTvCa A.a5.GTvCh  A.a5.BTvC A.a5.BTvCa A.a5.BTvCh  A.a15.GTvC A.a15.GTvCa A.a15.GTvCh
a1                 13         12          5         14         14          6          19          12           3
Ea1             19.24         16    5.97561   19.25333   16.36923   6.755556       19.24          16     5.97561
Va1          9.614729   7.868852   1.524733   9.628425   7.986746   1.808464    9.614729    7.868852    1.524733
dev         -2.012408   -1.42595 -0.7900947  -1.693001 -0.8383443 -0.5618385 -0.07740031    -1.42595   -2.409789
pval       0.04274804  0.1386431  0.4483038 0.08200362  0.3110334  0.5189552   0.5978357   0.1386431  0.06211653
approxpval 0.02208846 0.07694139  0.2147362 0.04522759  0.2009187   0.287113   0.4691525  0.07694139 0.007980875
           A.a15.BTvC A.a15.BTvCa A.a15.BTvCh A.a34.GTvC A.a34.GTvCa A.a34.GTvCh A.a34.BTvC A.a34.BTvCa A.a34.BTvCh
a1                 20          14           6         17          14           4         21          19           8
Ea1          19.25333    16.36923    6.755556      19.24          16    5.268293      19.24    16.50769    6.755556
Va1          9.628425    7.986746    1.808464   9.614729    7.868852     1.15316   9.614729    8.126864    1.808464
dev         0.2406296  -0.8383443  -0.5618385 -0.7224029   -0.712975   -1.181068  0.5676023   0.8742591    0.925381
pval        0.7154809   0.3110334   0.5189552  0.3429378   0.3583563   0.3379646  0.8163197   0.8937031           1
approxpval  0.5950789   0.2009187    0.287113  0.2350234   0.2379306   0.1187879  0.7148475   0.8090114   0.8226161
           B.a5.BCavCh B.a5.GCavCh B.a15.BCavCh B.a15.GCavCh B.a34.BCavCh B.a34.GCavCh C.a5.ChBvG C.a5.CaBvG
a1                   6           7            4            3            8            7         18         41
Ea1                6.4         5.8          6.4          5.8          6.4          5.8   22.74157   33.24427
Va1           2.094545    1.687273     2.094545     1.687273     2.094545     1.687273   11.36638   16.61919
dev         -0.2763854   0.9238226    -1.658312    -2.155586     1.105542    0.9238226  -1.406408   1.902469
pval         0.6298109           1    0.1586611   0.08504399            1            1  0.1307872  0.9851679
approxpval    0.391126   0.8222107   0.04862721     0.015558    0.8655375    0.8222107  0.0798015   0.971445
           C.a5.CBvG  C.a5.TBvG C.a34.ChBvG C.a34.CaBvG C.a34.CBvG C.a34.TBvG
a1                16         19          14          26         19         17
Ea1         19.74026   18.75342    22.74157    33.25191   19.75325   18.75342
Va1         9.865003   9.378521    11.36638    16.62694   9.878334   9.378521
dev        -1.190839 0.08051605   -2.592857   -1.778468 -0.2396599 -0.5725586
pval       0.1885545  0.6597542 0.009598951  0.06085702  0.5316285  0.4017604
approxpval 0.1168583  0.5320866 0.004759123  0.03766347   0.405297  0.2834718
